1058
1015
964
1003
965
960
994
945
1014
1003
1000
1014
1029
1035
1001
979
977
943
1009
1044
991
1005
991
1008
1048
1012
1014
1008
980
1025
1020
950
953
964
990
968
979
975
1001
1027
998
947
995
965
1011
1027
999
986
1021
988
915
991
945
974
931
994
1066
994
987
1060
1032
928
977
1038
969
1012
1031
1001
970
1024
913
1001
1052
1001
982
1024
1073
1041
971
976
983
995
974
985
929
1012
1016
984
1044
988
1005
971
999
1028
1040
1012
1016
1001
979
995
1016
988
957
999
979
987
1002
974
1059
1013
908
938
997
984
1044
945
949
973
978
1015
978
964
1043
968
988
1032
1031
1017
946
1025
972
975
961
1018
1038
940
968
988
986
1026
1063
1033
979
1030
967
1006
1032
988
950
1012
952
966
1033
1007
1020
1036
1038
984
994
999
985
998
976
971
929
953
1018
1001
954
999
1077
1003
950
983
959
1037
1010
960
988
999
957
999
987
974
924
943
985
1057
992
961
1003
960
922
1021
980
929
987
985
984
979
1023
946
956
941
987
944
925
1066
954
952
1008
989
982
937
1038
1018
1009
928
992
990
953
984
1014
997
947
989
924
934
922
1024
984
978
1027
993
1017
998
966
966
1037
999
1049
981
937
1001
1010
976
1042
971
1047
1003
1007
961
976
1015
978
952
1012
994
1047
999
1023
954
1010
983
1018
935
1055
984
1022
1008
1011
944
994
993
1031
995
987
1027
975
987
977
986
970
953
965
974
982
944
994
971
977
977
971
950
994
978
1075
1029
967
984
1044
1060
969
1003
1025
993
1016
996
1073
1020
962
1003
947
982
972
924
970
948
960
1002
970
1040
1019
927
1017
997
975
987
950
977
1034
991
967
999
998
1013
956
984
1005
1001
1012
978
942
979
1022
1005
1011
1032
970
963
961
962
923
1004
1020
978
966
919
1002
1013
980
995
1032
1015
915
1001
982
1045
1081
1141
1255
1422
1549
1742
1936
2192
2307
2486
2657
2757
2965
3115
3089
3289
3225
3264
3389
3422
3310
3398
3430
3433
3449
3455
3485
3488
3407
3457
3443
3515
3480
3515
3430
3555
3529
3512
3471
3532
3464
3506
3523
3492
3443
3536
3481
3504
3520
3488
3496
3448
3574
3635
3558
3545
3556
3518
3500
3467
3463
3475
3568
3542
3548
3488
3493
3559
3603
3486
3528
3560
3625
3524
3544
3521
3494
3609
3587
3603
3554
3520
3471
3569
3570
3551
3655
3631
3496
3633
3485
3549
3522
3473
3539
3480
3563
3572
3561
3468
3568
3548
3443
3450
3549
3548
3548
3547
3491
3515
3463
3496
3537
3468
3505
3516
3538
3628
3555
3570
3618
3612
3570
3596
3581
3560
3494
3527
3524
3526
3549
3570
3492
3496
3570
3480
3499
3499
3507
3541
3456
3509
3566
3521
3524
3568
3544
3470
3506
3585
3470
3580
3561
3569
3490
3406
3471
3504
3504
3518
3577
3501
3556
3479
3528
3635
3630
3534
3398
3461
3595
3464
3453
3438
3439
3455
3407
3251
3079
3025
2784
2517
2251
1849
1623
1443
1240
1223
1072
1096
1011
1011
1013
1004
1054
910
959
1005
969
993
960
976
994
980
935
955
955
970
942
954
988
968
987
943
1041
968
916
959
1013
958
942
976
961
1038
1048
987
1030
1000
1009
984
970
1024
961
1021
1034
1013
1044
996
1015
992
1020
1021
1028
956
1015
968
993
1027
920
1010
1013
951
993
999
975
1005
984
995
924
918
1016
1023
983
992
957
959
959
1055
1002
958
968
970
995
991
999
974
1018
1033
1006
1025
1003
1009
1068
955
987
1018
1012
1008
1018
1013
980
1010
971
1001
973
986
987
1002
978
998
979
995
982
1043
978
984
1005
975
1023
1013
995
1016
994
1003
1023
956
1052
995
1012
1050
987
952
951
1013
977
993
935
1014
1056
1006
1008
990
992
912
1011
921
991
980
1017
944
1015
908
1031
981
970
1001
958
1008
968
1024
933
974
966
888
967
963
962
954
995
1005
1027
963
977
985
961
1013
974
988
967
956
978
1073
996
979
1026
1002
980
1002
966
989
956
998
989
932
1027
1057
948
936
982
1083
1040
927
995
987
956
1004
973
981
962
1012
962
977
1008
950
982
996
968
1021
974
988
979
960
1040
1018
979
936
986
932
1058
974
984
975
984
1008
1036
977
998
1011
963
926
986
982
1024
1004
958
918
931
971
1003
975
980
948
979
906
982
1053
1008
999
949
1003
945
957
977
983
957
1033
944
983
1043
1009
999
1011
1032
995
1021
933
951
963
1028
974
1039
1054
978
964
1009
984
1001
1029
940
1023
949
1004
1068
1004
866
977
953
943
1020
1011
1003
977
1043
980
1008
979
976
965
1047
1029
947
1001
1019
995
1022
1043
1023
1043
968
965
987
984
961
958
1039
978
945
994
1016
989
1052
1006
938
982
991
1014
980
932
1037
930
962
944
