
1321
1381
1409
1433
1371
1386
1413
1368
1460
1500
1430
1394
1347
1377
1433
1391
1416
1422
1450
1407
1452
1408
1480
1477
1431
1412
1420
1393
1405
1443
1408
1439
1370
1365
1387
1403
1468
1422
1435
1462
1406
1451
1380
1469
1454
1418
1464
1450
1473
1467
1439
1413
1533
1466
1468
1340
1455
1493
1494
1402
1449
1439
1432
1422
1478
1405
1461
1470
1442
1437
1421
1393
1418
1438
1451
1432
1431
1364
1444
1385
1431
1346
1384
1472
1382
1412
1496
1444
1409
1384
1433
1469
1456
1417
1422
1487
1490
1440
1440
1511
1440
1440
1423
1414
1443
1443
1431
1427
1386
1451
1377
1443
1432
1455
1512
1377
1447
1443
1489
1406
1551
1366
1493
1490
1478
1455
1467
1417
1539
1427
1416
1398
1421
1524
1435
1468
1427
1449
1407
1400
1417
1467
1392
1482
1383
1498
1426
1377
1455
1411
1399
1423
1348
1412
1454
1386
1393
1378
1422
1372
1340
