964
967
974
856
901
924
966
909
945
946
1005
903
899
912
933
972
960
1010
1002
992
901
924
927
972
906
933
950
937
992
901
920
972
969
999
942
971
1012
945
939
974
942
950
972
1011
924
989
929
969
954
952
983
966
965
935
950
934
920
940
990
978
954
923
958
879
985
962
934
937
963
972
944
897
892
910
988
890
972
949
984
1051
993
902
886
963
895
899
973
937
984
941
958
892
972
995
950
1018
1041
905
987
907
1001
973
913
1063
927
1035
961
901
940
932
921
901
938
946
925
974
872
927
962
943
903
986
937
985
1008
909
968
908
908
961
896
926
919
944
881
934
926
912
936
968
994
893
950
928
940
941
972
956
936
987
986
872
892
969
944
1017
1018
963
1032
990
964
999
984
972
883
948
943
992
1014
984
953
888
991
1011
1020
976
984
911
949
936
980
928
999
953
1009
932
885
791
960
903
948
960
924
876
953
876
896
913
952
971
938
945
902
921
996
910
908
884
948
942
919
926
881
866
942
933
931
963
910
916
968
938
985
993
1003
909
911
937
969
1017
940
957
1007
936
1034
921
1025
950
1038
960
958
1017
987
1033
924
1002
980
1046
1085
973
964
1007
1017
1030
1032
996
1018
1012
1044
1035
1087
1054
1084
1075
1187
1072
1070
1136
1088
1059
1025
1069
1084
1069
1023
1055
1117
1131
1119
1136
1135
1132
1156
1177
1160
1055
1126
1083
1144
1148
1125
1169
1130
1091
1087
1183
1071
1107
1220
1236
1139
1190
1305
1177
1328
1311
1268
1200
1218
1185
1276
1169
1160
1163
1242
1327
1161
1165
1194
1163
1340
1390
1318
1254
1238
1342
1280
1321
1328
1294
1413
1313
1340
1439
1379
1490
1475
1417
1457
1451
1400
1430
1512
1534
1385
1414
1591
1524
1515
1484
1593
1463
1503
1436
1653
1720
1610
1575
1615
1623
1631
1600
1654
1688
1777
1808
1765
1689
1698
1766
1751
1798
1735
1843
1881
1867
2027
1914
1903
1836
2049
2009
1915
1930
1876
2070
1907
2105
1953
2081
2137
2089
2118
2144
2146
2202
2060
2270
2324
2417
2338
2175
2326
2247
2269
2418
2270
2348
2504
2346
2407
2406
2472
2498
2451
2445
2375
2369
2529
2493
2467
2407
2278
2514
2612
2585
2519
2573
2552
2625
2619
2551
2567
2508
2585
2568
2548
2729
2660
2615
2617
2536
2643
2330
2613
2476
2422
2647
2671
2609
2579
2554
2384
2487
2541
2509
2519
2553
2464
2502
2529
2509
2585
2499
2552
2512
2584
2454
2502
2614
2552
2440
2623
2522
2304
2310
2355
2411
2269
2343
2312
2370
2303
2460
2422
2446
2155
2329
2319
2220
2197
2243
2193
2281
2153
2253
2086
2352
2236
2051
2080
2087
2163
2190
2049
2105
2000
2141
1935
2059
2007
1949
1928
1907
1986
1804
1946
1894
1936
1884
1907
2052
1956
1923
1809
1839
1743
1880
1827
1744
1737
1811
1840
1697
1635
1833
1779
1649
1730
1786
1603
1723
1569
1541
1620
1636
1602
1679
1600
1515
1536
1551
1487
1497
1513
1517
1438
1494
1631
1546
1452
1443
1368
1407
1391
1414
1461
1427
1461
1393
1394
1335
1335
1249
1162
1337
1241
1332
1272
1219
1246
1272
1311
1312
1208
1198
1340
1264
1259
1295
1261
1210
1221
1272
1153
1135
1121
1152
1153
1098
1264
1114
1085
1093
1187
1127
1073
1152
1130
1125
1149
1131
1125
1080
1216
1052
1149
1149
1072
1067
1174
1182
1144
1142
1073
1193
1127
1084
1197
1158
1063
1089
1088
1118
1032
1103
1123
1026
993
1066
1027
1016
1122
1041
1097
1059
1100
1023
1101
1047
1080
992
1062
1023
1041
1045
1001
1019
1039
1013
945
1047
912
1022
996
1023
1043
1015
953
993
1011
1000
928
960
924
1011
1020
959
960
920
1007
930
1071
930
955
1029
960
1064
922
1060
982
939
986
989
926
979
991
1027
994
984
989
1013
948
945
940
924
935
937
928
934
899
867
894
957
942
932
898
949
901
947
968
915
950
934
957
987
963
959
936
920
1026
963
1000
921
960
963
941
953
909
943
1064
975
1001
964
934
975
928
947
983
931
908
917
926
839
948
965
975
888
950
922
908
954
846
886
945
881
930
976
883
978
900
974
900
951
911
922
953
952
995
940
912
912
966
931
912
964
1020
932
924
909
1037
1037
894
979
984
932
920
945
942
965
909
944
946
927
935
1021
921
951
920
926
891
968
894
882
927
914
883
912
937
924
988
960
981
910
901
901
967
929
961
895
926
901
924
906
959
915
992
910
912
902
935
925
892
918
963
929
934
995
927
897
917
945
994
985
941
940
917
982
949
997
967
967
934
971
951
976
960
964
1006
990
965
936
997
969
995
1036
933
897
961
1011
980
943
929
868
963
959
958
947
920
969
928
913
983
959
923
906
919
976
954
936
