879
998
918
947
1004
989
985
970
992
987
963
899
975
993
994
906
991
1002
1020
934
1040
990
956
938
931
946
973
951
995
921
950
920
883
929
921
897
988
932
957
968
978
914
983
897
919
1014
950
938
929
1029
940
960
1010
960
955
988
941
948
974
935
899
903
904
917
943
904
980
951
945
918
994
955
999
967
986
952
964
949
925
993
934
984
889
857
927
960
932
1017
886
982
890
939
997
952
1003
929
949
950
958
915
951
963
895
926
910
958
886
860
888
958
989
952
905
895
917
956
915
970
987
961
957
988
932
930
954
970
1010
944
929
953
1015
993
933
928
931
975
952
956
970
935
996
970
995
945
969
975
1010
1023
1009
992
950
988
1007
1006
1007
1043
932
973
995
946
985
1057
937
993
924
961
987
961
985
947
995
967
1032
1015
1067
961
952
951
944
1002
926
875
970
977
938
872
966
940
958
970
1037
947
977
1002
970
1033
956
1006
1079
1004
1084
977
1046
1027
1019
997
987
1019
990
1003
1028
1026
1025
997
988
1043
1034
1034
1056
1022
1048
980
975
1043
1072
1075
1019
1020
1102
1001
966
1067
1020
1175
1103
1112
1121
1069
1052
1125
1090
1067
1080
1063
1165
1080
1177
1100
1051
1026
1136
1160
1027
1134
1105
1086
1098
1046
1059
1040
1085
1178
1088
1180
1109
1068
1155
1099
1193
1123
1150
1103
1117
1159
1125
1223
1186
1144
1127
1102
1247
1207
1347
1134
1369
1192
1192
1249
1270
1112
1174
1258
1255
1170
1126
1273
1165
1155
1193
1182
1207
1325
1262
1318
1241
1311
1266
1216
1239
1342
1273
1199
1239
1316
1300
1255
1397
1367
1354
1334
1329
1372
1268
1305
1418
1500
1370
1324
1388
1480
1494
1413
1377
1415
1327
1503
1505
1509
1470
1501
1571
1369
1541
1373
1532
1436
1544
1441
1415
1517
1518
1596
1714
1540
1522
1504
1593
1557
1576
1670
1559
1579
1527
1703
1560
1572
1669
1519
1653
1594
1640
1616
1648
1599
1583
1593
1600
1636
1798
1438
1616
1680
1730
1721
1672
1660
1754
1662
1784
1720
1703
1668
1730
1806
1767
1775
1799
1736
1676
1807
1879
1799
1787
1794
1799
1763
1840
1739
1623
1793
1756
1694
1880
1728
1808
1604
1806
1784
1907
1826
1827
1841
1766
1823
1817
1796
1664
1803
1796
1720
1771
1708
1787
1788
1745
1858
1963
1732
1705
1674
1681
1790
1850
1709
1859
1855
1774
1833
1703
1841
1798
1713
1735
1763
1550
1740
1787
1708
1755
1778
1698
1754
1817
1767
1753
1747
1752
1701
1836
1697
1799
1799
1664
1719
1716
1825
1779
1849
1852
1755
1698
1718
1736
1694
1669
1660
1694
1693
1668
1653
1712
1622
1721
1665
1748
1735
1654
1647
1648
1615
1617
1621
1677
1652
1647
1750
1676
1652
1650
1677
1602
1580
1542
1632
1606
1635
1520
1553
1477
1655
1567
1505
1553
1655
1623
1551
1494
1510
1545
1599
1581
1599
1483
1420
1511
1416
1387
1428
1390
1379
1512
1484
1522
1475
1479
1325
1392
1441
1360
1510
1434
1450
1290
1392
1444
1289
1363
1266
1380
1300
1358
1281
1269
1432
1360
1339
1335
1286
1351
1332
1309
1287
1245
1394
1350
1345
1268
1356
1330
1388
1333
1374
1339
1371
1232
1290
1259
1207
1215
1180
1255
1249
1237
1265
1258
1266
1198
1168
1159
1213
1132
1199
1179
1101
1136
1267
1127
1167
1145
1158
1161
1116
1141
1130
1214
1086
1051
1097
1172
1226
1075
1104
1173
1054
1165
1170
1116
1138
1086
1106
1136
1166
1086
1043
1107
1060
1144
1147
1155
1123
1008
1110
1072
1189
1123
1100
1114
1151
1134
1115
1056
1112
1111
952
1110
1123
1089
1101
1091
1060
1103
1051
983
995
996
1012
1008
995
1022
1000
1014
1002
1016
974
992
1062
1024
1101
1067
1027
1028
1066
1036
993
1021
1018
913
919
971
1061
1070
1022
981
996
960
1012
971
1041
920
988
1039
985
1056
1042
974
1040
982
1045
1048
988
1013
1029
1023
975
951
1017
973
982
979
1019
972
1001
1033
956
910
947
983
955
940
954
977
878
856
951
1005
967
943
866
1025
884
872
974
1012
948
926
954
1017
1002
1015
979
965
984
956
912
1001
985
925
952
876
918
967
955
940
882
990
982
931
918
987
988
899
922
949
928
940
953
966
915
998
971
917
947
928
930
934
988
915
907
948
921
928
980
934
953
940
851
948
943
974
956
961
931
888
912
907
955
979
955
926
944
1024
880
920
862
901
941
1029
945
944
952
921
974
935
955
904
930
940
910
916
935
907
935
896
935
926
915
974
954
941
926
965
933
974
1007
906
944
949
951
993
908
885
923
968
857
990
976
949
893
928
927
840
960
893
949
948
885
913
920
972
931
926
899
957
888
934
892
944
956
980
929
954
1001
936
915
926
912
948
1042
999
965
970
990
926
948
1019
1006
903
966
954
993
