896
884
1035
930
904
889
924
976
966
993
934
916
956
911
888
950
906
1021
969
897
903
886
913
1011
992
955
924
911
992
923
1001
991
971
908
1022
982
919
1022
990
970
940
977
988
1017
910
944
942
944
949
942
982
972
953
932
938
902
977
934
945
1041
977
896
919
941
967
952
1022
1019
938
903
879
900
983
951
972
964
984
964
892
934
964
906
944
909
968
937
943
1000
960
956
850
927
969
934
982
954
951
941
924
984
988
960
984
904
941
893
890
964
933
900
957
1016
902
920
923
1029
925
901
980
947
1021
963
908
958
1077
962
976
995
914
871
889
988
910
982
967
1008
936
886
1010
959
1057
937
956
951
957
994
932
920
1014
965
962
969
938
932
972
1006
1012
999
966
958
926
991
969
1018
1044
946
1036
1052
945
998
959
1011
984
1000
1048
1008
991
999
1036
983
945
1005
961
941
923
985
1031
1000
940
994
996
988
924
1010
984
1003
1031
1078
1013
1074
1023
972
1005
1036
1073
1068
1005
970
951
1086
1135
1043
1032
1062
1070
1074
1045
1058
1032
1134
1113
1007
996
1052
1029
1031
1058
1027
1015
1065
1008
1154
1047
1046
1132
1062
1143
1099
1084
1105
993
1073
1178
1078
1108
1064
1126
1132
1084
1101
1114
1194
1089
1062
1120
1048
1111
1152
1124
1060
1143
1134
1187
1143
1109
1153
1117
1203
1206
1152
1212
1108
1119
1129
1134
1165
1240
1203
1217
1188
1176
1075
1191
1109
1183
1238
1238
1159
1167
1208
1137
1237
1199
1194
1328
1215
1244
1209
1111
1166
1148
1245
1169
1168
1231
1270
1305
1334
1231
1326
1301
1262
1379
1257
1170
1238
1328
1316
1272
1200
1203
1305
1274
1236
1301
1279
1286
1248
1434
1359
1472
1400
1399
1380
1504
1428
1332
1314
1312
1452
1363
1368
1395
1460
1458
1379
1373
1292
1344
1455
1459
1485
1527
1441
1438
1534
1447
1450
1478
1409
1538
1446
1458
1529
1434
1472
1456
1423
1505
1515
1473
1428
1491
1427
1646
1533
1509
1482
1588
1543
1356
1479
1512
1635
1548
1569
1487
1566
1573
1670
1542
1566
1691
1631
1726
1650
1531
1600
1625
1677
1587
1440
1455
1555
1531
1552
1558
1619
1662
1655
1682
1674
1684
1569
1572
1704
1783
1688
1691
1682
1729
1745
1679
1655
1577
1463
1548
1658
1665
1672
1701
1603
1675
1591
1737
1731
1715
1702
1590
1679
1637
1567
1632
1664
1640
1561
1678
1637
1612
1735
1598
1508
1662
1684
1676
1623
1663
1646
1544
1654
1569
1689
1576
1599
1599
1610
1596
1606
1669
1631
1575
1640
1714
1641
1609
1598
1718
1661
1692
1561
1604
1513
1556
1661
1621
1716
1593
1586
1548
1683
1729
1617
1616
1600
1487
1616
1585
1608
1577
1547
1619
1474
1570
1621
1585
1672
1555
1556
1544
1476
1577
1520
1537
1624
1567
1659
1514
1584
1564
1607
1471
1437
1455
1487
1472
1572
1451
1438
1539
1561
1401
1419
1445
1437
1465
1504
1433
1419
1487
1509
1416
1342
1356
1501
1414
1484
1477
1511
1337
1381
1334
1412
1292
1357
1359
1390
1370
1395
1429
1408
1341
1340
1289
1335
1359
1273
1302
1304
1310
1374
1409
1401
1404
1463
1293
1416
1368
1306
1261
1321
1269
1349
1228
1236
1212
1251
1241
1270
1284
1229
1248
1219
1199
1220
1157
1148
1169
1231
1264
1287
1200
1340
1368
1272
1267
1235
1203
1161
1227
1239
1183
1225
1215
1152
1220
1215
1214
1283
1230
1224
1192
1231
1182
1129
1134
1178
1144
1233
1232
1183
1164
1175
1111
1124
1090
1013
1193
1143
1099
1097
1092
1152
1149
1099
1116
1085
1099
1115
1118
1059
1044
1114
1074
1119
1030
1124
1114
1024
990
1108
1105
1082
1061
1110
1087
1087
1045
1038
1069
1085
1078
1052
1065
1016
1044
1078
1091
1104
1137
1071
1063
1039
1027
994
1059
995
1015
942
1000
966
1001
1029
1023
1019
1021
980
1037
1023
1095
1000
1004
1012
1055
994
1017
1095
1019
1002
1008
993
965
950
1043
1041
947
1061
1003
1058
1030
939
1016
1043
933
995
956
994
991
985
1048
995
1010
952
934
937
994
981
954
941
1027
1009
1031
1014
1021
983
1045
984
976
1062
1041
990
967
942
928
904
1001
942
924
993
1007
1023
1014
985
947
986
905
948
970
1006
1020
980
963
975
974
983
929
928
1006
1016
955
952
1016
967
924
960
935
940
1019
940
955
918
1049
883
980
851
928
892
936
916
916
947
947
916
894
920
986
946
922
902
997
969
922
982
989
891
883
948
998
949
916
918
925
954
951
879
950
955
967
978
929
899
999
1011
965
974
966
1019
960
910
971
1065
945
912
963
991
935
947
955
896
1006
861
924
916
975
996
957
960
916
927
884
920
915
912
977
980
911
957
945
945
981
904
929
969
944
904
942
942
887
901
955
971
902
1001
965
940
927
942
969
925
963
898
932
964
972
924
910
934
878
940
912
938
