944
918
986
966
1055
956
966
924
940
973
1001
1052
1023
1031
1036
987
972
1015
1012
996
988
946
1011
908
996
958
890
944
961
996
955
988
889
987
974
924
996
942
1023
1040
978
976
977
944
995
932
966
1002
916
965
1011
948
967
998
978
987
1016
875
961
941
956
975
998
1025
960
956
946
1020
1014
966
1077
938
945
996
992
923
989
961
966
1000
975
1023
998
1003
921
939
942
948
1035
1052
1041
1014
978
973
926
1011
976
926
926
961
920
1028
1019
987
948
990
947
979
997
973
961
950
917
987
996
1009
1002
927
940
969
966
973
1031
960
1006
897
947
972
1036
974
961
887
1007
1022
994
948
936
929
1011
956
918
939
966
959
1012
985
1006
938
972
1043
1035
975
1008
986
1003
990
996
951
947
995
1027
961
1005
972
966
944
1008
973
988
993
1013
1030
966
1003
998
1013
1028
977
1065
963
1007
901
931
970
976
960
983
992
973
989
914
973
1024
991
996
987
982
1000
972
1005
949
974
944
1006
989
956
988
1001
979
975
962
974
951
982
942
945
946
985
937
993
1027
929
956
992
947
983
939
958
997
964
923
1027
986
952
998
945
997
971
1010
937
1011
969
955
943
911
883
953
923
985
960
991
972
920
956
940
936
978
940
988
976
951
960
988
1018
946
952
952
1031
910
934
942
932
961
951
979
942
947
938
957
959
982
981
943
978
965
980
948
1014
906
943
974
987
921
907
963
1028
951
919
915
896
944
972
889
959
962
959
1003
1025
920
936
999
980
946
972
975
995
951
979
985
1006
958
955
975
985
999
975
985
1020
879
995
955
948
959
1025
948
921
956
963
967
956
983
1049
923
934
960
974
973
978
983
952
988
1008
995
876
977
999
982
958
983
943
1034
929
960
967
985
922
983
924
959
999
955
966
992
986
918
950
959
955
924
927
986
977
974
942
984
920
958
961
929
983
938
960
982
957
874
967
1007
952
1002
881
954
935
1025
920
931
961
942
964
969
942
962
998
937
896
954
944
957
978
1017
980
976
963
925
886
971
985
994
982
978
980
960
985
915
922
991
975
1050
978
992
924
955
907
1002
903
928
904
975
940
987
889
937
1016
967
1029
925
923
934
1047
1017
913
970
915
885
953
1023
997
1015
952
966
966
936
954
986
875
953
950
989
984
973
967
941
967
1022
939
952
974
951
965
928
955
983
954
960
941
964
896
968
971
1023
969
930
1009
1014
966
960
908
1000
967
879
903
979
919
982
969
975
963
940
926
995
935
932
888
988
1003
960
963
971
986
952
921
1003
963
878
975
969
1001
936
966
980
932
953
965
994
927
963
1001
984
897
923
976
972
974
962
996
875
1052
934
1003
959
988
912
1002
950
953
937
929
917
1017
983
959
994
918
987
930
1013
995
955
960
963
930
971
1014
1006
904
1017
1011
945
968
961
918
947
972
1062
937
967
959
936
958
1001
921
999
940
975
973
944
982
972
997
973
941
965
898
933
965
931
1042
974
960
952
975
917
990
1020
988
951
952
970
999
1053
968
936
972
932
1031
976
1011
936
988
1015
925
950
951
1021
967
938
926
987
939
975
918
979
972
939
987
951
947
918
968
885
968
972
913
939
980
917
940
905
982
965
936
984
1013
977
934
995
933
974
993
950
944
1001
1011
980
915
1031
957
938
952
993
937
1025
920
970
1009
904
1026
1002
1033
956
962
956
927
975
889
885
1020
877
948
966
1015
875
908
1032
1067
924
938
935
958
984
923
946
957
1003
973
969
963
956
981
971
921
909
961
1014
997
931
957
893
983
902
853
967
988
978
959
1021
918
933
962
972
948
972
977
957
947
987
972
992
965
958
1032
995
956
972
965
960
1022
957
899
966
953
969
1043
932
894
1013
1021
1018
927
902
1012
1019
990
984
974
1015
952
979
974
958
1034
912
974
971
985
967
967
975
900
968
943
972
974
911
1043
981
917
991
935
1047
969
958
930
937
966
928
951
912
970
947
983
973
954
935
1004
931
973
907
1000
980
960
1004
1059
965
940
928
998
921
991
980
941
983
941
930
929
938
939
991
972
915
957
948
988
967
1008
913
915
961
965
955
978
934
910
888
966
1003
998
947
959
944
963
949
967
961
979
928
894
960
902
1020
927
1024
964
923
985
1017
947
998
903
992
964
996
1015
968
921
919
980
951
945
959
967
