974
959
989
953
907
965
926
912
947
972
938
933
927
947
909
939
883
863
935
955
977
939
971
956
973
920
935
983
944
1001
1023
926
932
959
959
905
897
920
949
1026
937
1035
876
957
916
920
964
925
919
971
966
1004
989
930
945
997
952
993
953
959
990
948
879
963
935
894
968
900
971
964
975
902
955
920
931
942
950
921
979
974
988
938
1037
898
880
996
983
985
922
920
873
919
908
923
921
943
967
876
934
936
941
961
955
920
933
1026
959
936
943
952
916
932
906
924
907
977
1014
1041
985
952
985
919
1010
913
952
929
968
921
921
969
994
1003
869
987
1001
982
950
895
951
956
986
875
984
913
990
954
972
1024
971
953
947
1021
983
949
990
1000
960
926
904
1002
954
1048
959
972
1056
989
988
923
974
949
1073
995
977
962
963
1068
945
936
1014
995
1000
954
963
960
959
978
932
1004
974
971
999
974
969
957
942
1018
931
992
957
939
1003
957
999
905
975
926
998
993
946
1058
1007
995
1034
1028
1028
984
1014
1003
1015
1066
933
989
945
997
988
1054
1046
949
1007
975
999
976
990
961
1082
1060
1051
1063
1017
1036
1098
965
1036
1047
1163
988
1115
1140
1169
1043
1021
1142
1122
1093
1080
1036
1172
1152
1119
1066
1202
1138
1073
1090
1086
1158
1131
1213
1108
1095
1077
1147
1049
1110
1068
1127
1227
1104
1206
1081
1183
1113
1180
1205
1207
1159
1136
1214
1217
1206
1186
1199
1194
1210
1243
1205
1181
1194
1197
1193
1204
1134
1130
1322
1248
1244
1357
1361
1309
1320
1328
1284
1305
1280
1334
1359
1339
1414
1316
1383
1349
1393
1396
1355
1368
1420
1294
1380
1387
1338
1380
1315
1344
1395
1439
1457
1443
1372
1430
1486
1384
1460
1457
1396
1383
1433
1605
1561
1558
1506
1520
1424
1465
1451
1511
1464
1543
1555
1620
1614
1661
1510
1614
1679
1678
1575
1655
1612
1696
1610
1675
1723
1671
1642
1644
1759
1704
1682
1694
1646
1788
1690
1841
1638
1739
1839
1835
1817
1783
1669
1803
1940
1703
1680
1691
1708
1738
1814
1889
1776
1828
1896
1933
1781
1831
1902
1964
1887
1779
1923
1875
1936
1894
1835
1789
1926
1926
1920
1967
1951
1964
2040
2023
1929
2042
1989
2084
2088
2019
2166
2015
2137
2062
2040
2089
1945
2094
2057
2055
1971
2092
1988
1995
1996
2033
2047
2005
1999
2101
2061
2050
2044
2001
2018
1992
2041
1906
1918
1941
1920
1974
2070
2046
2000
1952
1891
2071
1982
1963
1899
1977
1937
2021
1978
2081
1980
1945
1977
1920
1824
1803
1887
1789
1846
1756
1864
1780
1885
2044
1952
1961
1947
1817
1769
1869
1712
1831
1778
1862
1815
1819
1793
1892
1769
1678
1794
1804
1765
1724
1691
1739
1647
1705
1760
1604
1584
1553
1642
1540
1608
1691
1666
1575
1785
1626
1620
1606
1599
1612
1655
1494
1590
1580
1550
1596
1657
1611
1604
1477
1608
1683
1542
1558
1636
1553
1518
1561
1490
1450
1447
1508
1471
1485
1398
1481
1450
1436
1398
1407
1535
1280
1293
1350
1368
1403
1400
1359
1332
1400
1347
1404
1363
1383
1364
1371
1377
1227
1331
1360
1336
1360
1325
1280
1313
1291
1214
1255
1198
1182
1272
1298
1165
1230
1181
1137
1175
1309
1333
1249
1161
1161
1195
1260
1104
1174
1186
1218
1266
1103
1083
1216
1149
1143
1182
1270
1110
1198
1220
1081
1080
1075
1123
1164
1209
1096
1116
1131
1078
1154
1093
1223
1178
1159
1128
1070
1172
1065
1113
1099
1130
1112
1016
1019
1051
1013
1060
1122
1048
1108
1041
1023
1021
1020
1016
1000
1013
1087
1027
997
988
1083
964
1072
1031
1032
1038
1074
1127
976
1029
1040
972
931
1030
1012
999
1000
1053
1032
940
1032
1072
1016
1036
890
1019
957
950
1033
993
1043
958
979
1055
1014
984
958
968
984
1047
928
955
958
1017
956
986
949
1023
991
962
999
963
947
997
958
959
854
970
954
961
975
922
967
915
1008
928
923
921
887
935
978
963
967
950
872
944
952
993
975
987
945
981
944
958
927
956
938
986
1002
924
963
868
973
961
915
953
931
993
999
939
998
1007
992
955
938
909
1013
1001
963
961
978
976
960
1011
952
1021
927
936
959
912
932
936
942
946
882
942
880
980
940
935
959
990
952
905
946
910
886
924
1011
930
970
929
976
912
939
956
934
999
903
952
979
971
915
963
950
901
861
942
886
944
992
947
870
927
902
1000
927
885
924
942
979
1008
988
1018
974
979
932
959
896
903
951
943
984
921
967
961
901
967
988
933
938
973
886
927
925
943
935
918
899
883
882
918
923
928
925
936
933
946
900
927
968
955
962
939
960
933
959
901
1024
962
927
986
925
935
937
998
937
958
888
982
964
993
940
899
1028
917
920
994
980
902
