944
902
869
960
1006
978
912
872
921
960
951
976
968
968
980
930
925
1013
961
896
941
925
963
953
972
957
900
1010
968
971
968
952
896
933
923
956
942
954
902
928
980
955
875
1001
960
903
923
973
958
891
980
984
896
939
1000
974
987
954
959
920
904
945
971
933
983
1005
953
908
921
951
962
1018
864
914
965
939
920
954
920
937
924
968
969
970
900
892
1001
977
936
902
931
894
996
932
924
996
928
958
935
953
944
924
979
988
907
911
908
963
1006
971
918
1012
984
1034
924
980
993
975
913
989
944
982
963
1007
964
937
915
935
882
901
938
983
908
889
992
940
1016
943
911
946
969
899
958
945
907
947
929
984
942
938
942
941
910
946
971
900
911
994
918
943
937
885
962
959
916
939
935
976
918
903
936
982
911
987
944
1004
979
933
906
922
913
882
946
946
961
961
955
940
894
921
985
860
915
970
960
916
944
933
965
937
947
919
921
913
991
936
954
942
1023
936
943
966
959
950
985
934
928
956
841
933
933
869
876
969
954
886
886
900
891
954
968
884
990
920
904
944
904
935
880
968
924
942
910
911
908
919
976
918
933
940
951
937
1043
883
892
905
993
928
921
903
960
961
898
950
935
900
934
987
924
969
906
899
912
951
978
978
896
922
937
914
918
873
969
837
917
991
961
947
971
925
939
971
960
916
927
941
985
979
893
1009
929
1008
962
981
985
1037
983
1026
1040
996
978
984
976
1013
1033
1022
1044
1064
1043
1068
990
1022
1112
1126
1106
1210
1057
1141
1154
1187
1109
1164
1141
1059
1198
1169
1190
1258
1320
1255
1240
1358
1271
1350
1401
1384
1490
1398
1369
1415
1383
1340
1537
1500
1523
1585
1445
1671
1664
1660
1609
1671
1756
1886
1798
1869
1907
1977
1913
1895
2052
2085
2049
2032
2233
2155
2065
2164
2200
2320
2108
2368
2308
2398
2436
2529
2473
2636
2661
2643
2548
2632
2738
2787
2699
2860
2786
2911
3017
3041
3005
3010
3009
3073
2999
3092
3164
3125
3175
3127
3271
3414
3276
3303
3172
3270
3376
3193
3233
3369
3340
3369
3439
3386
3394
3422
3455
3479
3440
3414
3535
3368
3384
3320
3460
3484
3486
3507
3471
3621
3427
3488
3488
3408
3562
3518
3532
3511
3462
3524
3566
3431
3388
3441
3435
3392
3603
3532
3457
3411
3501
3417
3444
3486
3446
3351
3495
3436
3379
3313
3425
3404
3302
3415
3401
3359
3294
3296
3386
3360
3308
3332
3414
3358
3309
3332
3219
3260
3394
3235
3187
3103
3190
3084
3129
3113
3009
2965
2915
2796
2895
2949
2919
2944
2914
2850
2835
2784
2697
2695
2757
2672
2606
2559
2601
2528
2601
2537
2459
2259
2327
2315
2312
2205
2304
2246
2281
2104
2051
2064
1977
1990
2069
1991
2038
1888
1828
1727
1835
1766
1698
1558
1652
1641
1657
1739
1673
1638
1466
1559
1432
1525
1448
1368
1241
1340
1307
1267
1287
1373
1267
1210
1187
1145
1252
1240
1281
1161
1230
1285
1187
1165
1225
1122
1107
1101
1051
1050
997
990
967
1035
1089
964
1044
1097
1145
1087
1164
1061
999
959
1015
1128
1056
1007
1060
986
1022
975
1022
1048
1066
948
985
1035
947
996
999
1080
1021
991
1102
996
994
1013
1054
1016
1017
984
985
1008
952
911
958
970
939
916
945
907
991
949
1019
975
971
1000
975
983
981
970
951
961
990
995
939
996
985
1004
942
928
1023
961
1046
975
986
990
988
947
965
940
982
973
966
999
1008
972
1031
931
963
931
926
971
959
963
990
913
962
966
932
876
972
927
938
930
964
944
999
987
958
961
926
946
999
947
967
908
906
926
936
883
944
919
941
881
997
865
945
883
954
951
917
920
939
1003
899
900
934
953
932
930
948
946
946
990
939
982
940
923
950
944
942
937
1003
927
929
936
978
993
931
995
971
990
862
936
1025
929
957
958
935
869
943
975
864
906
945
920
919
878
920
966
922
935
981
940
925
1033
975
962
895
892
975
927
946
924
1004
953
937
959
967
933
930
969
999
989
960
934
936
935
964
923
968
906
979
905
942
1023
959
924
978
950
966
979
897
971
895
947
939
870
933
867
913
903
959
881
930
904
921
898
967
944
947
931
935
958
928
982
947
965
900
956
920
906
888
1009
946
983
878
975
914
886
874
968
900
916
973
918
967
963
926
946
962
958
885
960
955
903
948
916
935
930
919
1018
910
914
996
940
890
983
954
940
938
912
967
970
946
1008
893
940
932
987
844
975
954
930
932
954
940
968
976
1026
935
939
849
974
1001
987
946
928
928
935
