896
882
956
879
910
956
918
918
937
996
967
983
979
959
894
978
882
960
953
997
933
960
954
962
922
974
884
909
913
912
1030
930
966
949
952
996
981
944
962
948
888
936
907
927
936
998
1027
917
950
966
970
1026
955
959
883
948
906
916
980
947
1023
953
915
902
978
976
921
902
907
991
961
879
890
917
931
910
903
864
961
1017
920
962
976
961
943
956
968
931
877
979
951
946
972
939
967
977
985
967
953
944
994
963
936
1001
943
912
973
924
942
939
916
949
986
890
975
967
950
910
993
974
961
1036
998
991
935
971
979
940
966
926
891
996
985
883
953
929
897
1009
918
954
977
907
869
889
918
951
964
946
905
1009
920
1019
959
991
953
910
945
930
999
893
968
981
976
875
906
947
875
899
957
936
974
960
894
1014
1046
952
972
979
959
968
963
956
899
1009
942
1005
924
961
916
1019
970
956
951
963
1019
947
994
974
975
971
912
993
983
944
947
998
979
986
919
973
980
953
943
961
999
920
934
960
1008
964
919
940
913
947
976
995
943
1057
897
958
932
1015
987
958
979
997
1070
1022
953
890
1071
1013
1017
996
1053
999
1045
932
970
933
1007
1038
1013
1038
1089
1184
1104
1024
1153
1039
1020
1028
1159
1054
1085
1068
1042
1199
1119
1168
1129
1252
1052
1091
1078
1045
1040
1146
1140
1084
1137
1129
1075
1083
1028
1076
1080
1105
1129
1174
1201
1187
1224
1209
1196
1153
1164
1171
1166
1215
1196
1131
1160
1208
1265
1288
1304
1266
1254
1218
1372
1216
1177
1179
1250
1230
1372
1281
1394
1333
1364
1491
1382
1400
1402
1343
1519
1425
1529
1296
1414
1281
1448
1352
1366
1347
1326
1462
1580
1512
1566
1556
1441
1407
1449
1501
1495
1487
1468
1581
1593
1514
1548
1466
1662
1538
1644
1587
1556
1591
1704
1582
1494
1640
1783
1679
1685
1782
1811
1754
1695
1852
2029
1822
1798
1862
1862
1958
1946
1889
1904
1912
1904
1914
1993
2023
2063
1992
2008
1870
2025
2073
1942
2032
2227
2133
2110
2033
1898
2131
2135
2031
2256
2049
2043
2084
2108
2176
2100
2091
2236
2277
2273
2097
2194
2206
2218
2105
2239
2212
2302
2209
2296
2201
2171
2349
2292
2124
2222
2185
2174
2148
2149
2132
2147
2225
2249
2196
2256
2311
2211
2335
2407
2275
2333
2281
2286
2359
2350
2291
2276
2264
2251
2236
2302
2348
2278
2303
2279
2220
2076
2244
2202
2281
2291
2213
2145
2265
2205
2129
2194
2101
2208
2339
2243
2173
2083
2162
2124
1984
2060
2068
2067
2007
2083
1977
1974
2062
2184
2003
1980
2048
1928
1927
2035
2008
1876
2081
1873
2038
1763
1892
1857
1775
1768
1925
1847
1862
1848
1846
1845
1824
1911
1775
1815
1893
1711
1914
1729
1656
1700
1735
1718
1724
1604
1628
1624
1803
1689
1696
1709
1612
1609
1599
1745
1601
1689
1476
1556
1519
1597
1517
1668
1580
1645
1724
1612
1638
1571
1666
1534
1459
1570
1549
1511
1454
1433
1390
1438
1396
1317
1420
1436
1366
1370
1433
1320
1418
1340
1319
1301
1292
1422
1300
1348
1315
1281
1212
1339
1321
1343
1300
1282
1305
1287
1242
1249
1246
1278
1242
1247
1242
1250
1224
1278
1128
1268
1157
1183
1197
1151
1163
1271
1145
1122
1159
1196
1228
1213
1146
1142
1185
1175
1160
1083
1017
1156
1083
1043
1120
1082
1189
1195
1124
1153
1147
1136
1139
1166
1060
1121
1131
1144
1134
1063
1051
1166
1126
1064
1052
1083
1056
1071
1033
1041
1083
991
1170
1088
1043
1037
1184
1043
1176
1110
1049
1060
1046
1071
1073
980
988
1041
1027
1032
1047
1015
1003
1026
1087
1031
1030
1066
972
1031
1045
1036
1006
1029
1004
1059
1022
1075
1062
1031
982
1020
985
947
1001
943
1067
1015
988
1003
1011
1012
1011
934
962
1008
942
978
972
945
1002
973
961
993
938
910
855
935
921
896
932
947
951
910
960
1000
918
1034
974
957
935
954
888
922
982
955
975
992
949
972
921
1028
977
918
948
984
963
991
981
959
909
948
955
938
968
1043
940
958
992
991
983
991
959
932
985
952
900
975
983
1013
929
977
942
977
964
945
954
920
950
984
918
924
947
930
882
883
873
887
884
1009
933
948
973
987
901
953
937
953
900
836
955
914
941
980
963
932
914
931
911
1002
953
1023
996
938
884
952
943
935
935
1020
952
931
944
963
983
952
961
1005
990
888
900
928
948
993
1008
936
982
915
896
921
915
932
912
846
935
940
966
943
884
956
966
951
947
977
949
995
975
984
964
879
900
907
907
885
921
887
991
969
972
928
904
972
983
918
908
985
870
939
952
915
1003
950
929
1010
948
950
991
1013
932
979
935
940
963
968
937
952
966
973
880
934
882
960
915
885
898
