959
909
916
974
954
963
946
986
902
868
976
884
952
913
917
920
944
976
963
910
978
890
953
936
964
972
987
965
907
979
949
964
1063
926
987
1010
928
972
1036
976
873
961
925
922
975
937
945
910
936
929
903
915
898
953
944
894
943
937
936
940
957
937
919
984
875
957
918
944
892
967
999
952
903
939
933
848
917
940
958
932
916
979
940
906
934
942
981
986
958
991
959
949
992
911
923
981
905
909
984
926
875
947
993
920
966
981
979
906
939
958
955
858
876
914
930
960
907
941
967
967
904
908
960
941
945
939
907
959
984
917
938
946
937
908
929
975
929
920
910
942
984
866
883
921
929
971
948
919
969
910
964
1006
925
924
937
969
950
961
933
981
1002
943
996
969
924
964
931
983
962
976
943
934
940
912
938
889
962
974
890
967
872
917
915
941
968
910
904
898
950
931
942
929
935
886
894
927
915
900
1004
921
878
958
951
958
967
928
940
928
972
930
994
945
948
947
982
1006
907
993
1025
912
945
913
926
945
968
948
970
956
1011
944
916
952
935
965
971
904
938
920
940
955
950
899
947
906
978
878
967
883
1005
920
917
919
912
1026
892
919
861
915
916
937
919
944
909
953
919
960
964
1002
941
937
908
877
944
883
976
919
923
905
923
902
943
892
919
884
919
899
960
977
943
932
925
909
868
932
892
932
939
927
994
934
956
886
874
950
891
850
980
963
914
918
984
916
933
953
964
916
930
945
961
920
964
946
945
994
878
1008
910
900
934
948
1004
909
979
872
864
919
961
946
929
1023
941
911
1007
878
926
1031
956
916
897
900
894
936
985
909
970
915
980
966
998
920
1035
1136
1113
1116
1166
1201
1224
1308
1384
1449
1571
1530
1593
1500
1596
1640
1703
1792
1775
1907
1866
1921
2014
2022
2080
2067
2135
2300
2305
2608
2504
2612
2604
2639
2596
2835
2862
2868
3016
3088
3134
3045
3260
3170
3256
3348
3393
3394
3458
3399
3434
3428
3574
3582
3480
3496
3555
3584
3454
3504
3548
3544
3619
3559
3529
3480
3456
3588
3508
3494
3495
3550
3503
3506
3485
3567
3534
3571
3490
3470
3431
3513
3460
3542
3518
3512
3474
3383
3459
3472
3424
3539
3521
3414
3516
3521
3643
3614
3510
3521
3507
3547
3576
3520
3552
3504
3495
3499
3463
3520
3529
3552
3460
3545
3426
3628
3494
3533
3505
3452
3581
3472
3476
3545
3481
3532
3525
3499
3604
3478
3535
3547
3524
3584
3528
3440
3536
3465
3486
3570
3537
3544
3613
3492
3585
3430
3616
3551
3534
3646
3507
3474
3594
3526
3503
3403
3531
3486
3481
3507
3487
3566
3492
3502
3575
3549
3411
3566
3519
3513
3539
3443
3400
3423
3385
3256
3267
3135
3184
3166
2957
2961
2744
2643
2436
2345
2231
2114
1954
1740
1580
1536
1350
1340
1264
1114
1043
1020
976
950
979
1007
981
1004
944
956
908
954
983
898
984
982
958
972
921
987
962
971
930
943
930
985
1003
918
876
833
913
896
916
940
912
884
922
943
867
972
918
920
987
911
911
916
882
956
920
1019
921
917
886
886
944
963
1005
917
923
971
904
946
904
933
959
949
950
946
941
965
878
959
949
960
1002
878
1015
887
990
954
989
924
900
889
943
934
925
958
972
892
915
948
953
969
894
960
960
961
968
943
914
954
929
915
979
888
941
829
906
906
941
945
918
931
979
923
906
920
912
920
887
934
925
922
999
927
919
962
950
924
947
890
930
867
981
967
962
978
925
925
926
914
948
967
897
956
950
934
990
982
971
959
935
955
937
898
941
927
985
918
954
992
924
988
919
930
974
899
891
949
927
943
920
920
960
888
982
932
932
988
942
915
934
961
903
902
971
934
967
948
929
934
966
915
899
867
957
945
924
934
983
972
922
961
918
997
991
946
981
966
987
969
978
963
942
992
959
947
971
974
987
962
936
1009
991
893
928
900
878
879
937
947
965
973
914
885
922
976
948
983
919
906
950
961
907
970
988
924
916
959
921
926
920
929
972
949
852
886
928
850
910
945
921
931
938
934
954
964
955
926
983
948
971
941
982
955
947
955
950
920
986
912
918
917
940
950
901
950
956
971
915
963
955
945
924
959
927
900
928
865
921
960
899
993
894
896
931
912
960
939
971
954
926
864
939
915
905
904
964
959
934
948
956
934
858
944
930
887
949
936
910
951
905
891
943
878
945
890
911
1022
932
932
976
924
