850
938
959
944
875
964
979
986
980
963
872
988
915
1027
875
958
927
892
935
875
968
886
968
948
927
944
920
952
1062
997
882
958
863
994
932
934
883
983
945
967
987
981
947
987
996
969
946
992
987
1017
975
909
958
1017
901
898
947
988
937
1008
960
902
918
966
982
950
975
962
956
957
935
912
1035
900
883
898
918
1021
939
945
919
920
976
956
938
932
967
924
966
1009
900
909
947
912
903
954
977
972
925
933
944
919
1003
944
924
960
909
826
951
943
881
989
987
960
917
1031
952
966
1022
949
939
1016
959
929
960
862
958
972
910
940
926
972
910
918
955
896
942
970
960
935
1031
946
982
919
938
1001
993
956
957
916
920
934
1012
1003
925
962
940
931
929
959
972
916
1024
959
929
1008
1006
948
911
969
982
933
947
944
928
918
938
929
915
902
976
835
868
895
983
945
923
961
936
911
960
965
930
882
882
913
986
865
931
937
995
926
891
916
879
942
898
875
925
948
915
932
933
916
934
965
951
913
982
884
936
929
886
957
908
977
1032
896
887
954
976
879
896
944
942
923
931
965
900
1014
1020
1001
921
944
935
878
925
936
990
945
916
993
960
953
954
947
969
861
918
970
931
869
877
935
935
944
875
980
864
959
969
925
944
915
957
886
946
872
910
909
872
902
855
1005
920
958
983
864
967
975
902
939
982
924
963
892
1039
871
844
915
937
961
914
947
900
951
957
976
935
897
905
1000
942
937
885
913
896
896
935
985
920
915
943
935
970
916
877
1019
930
979
1028
908
940
879
978
996
1062
1039
1051
1032
1016
982
1065
1056
1090
1140
1060
1162
1136
1222
1255
1200
1197
1199
1291
1327
1246
1244
1365
1344
1419
1463
1419
1458
1565
1414
1523
1588
1548
1653
1695
1629
1582
1746
1683
1683
1866
1803
1772
1891
1885
1881
1887
1984
2043
2111
2230
2249
2179
2345
2304
2410
2427
2497
2591
2627
2604
2552
2470
2655
2753
2759
2840
2778
2904
2966
3134
3058
3174
3123
3020
3176
3335
3275
3283
3318
3336
3345
3378
3296
3386
3408
3448
3348
3493
3377
3462
3379
3407
3495
3450
3575
3456
3479
3548
3516
3516
3529
3618
3549
3622
3592
3524
3570
3574
3474
3442
3424
3534
3476
3510
3538
3563
3563
3583
3563
3558
3455
3512
3651
3516
3440
3532
3493
3491
3484
3457
3556
3495
3449
3522
3511
3417
3585
3528
3533
3411
3496
3484
3460
3579
3524
3530
3577
3516
3516
3408
3444
3431
3449
3483
3474
3427
3384
3575
3312
3591
3504
3503
3614
3456
3534
3561
3426
3475
3407
3492
3376
3362
3372
3419
3386
3318
3380
3364
3222
3244
3256
3105
3240
3147
2996
3043
2928
3013
2953
2827
2801
2848
2739
2705
2524
2580
2622
2495
2543
2543
2372
2339
2274
2428
2172
2190
2007
2132
1909
1896
1784
1775
1666
1622
1615
1626
1513
1595
1526
1489
1295
1391
1242
1215
1191
1151
1079
1142
1080
1088
1029
963
1067
1036
979
1014
1015
941
1061
1054
1000
983
907
926
977
936
993
916
1000
951
923
998
977
959
932
956
987
916
929
855
927
838
935
965
984
942
938
872
981
944
917
957
882
900
874
934
906
979
959
888
947
983
936
881
901
933
966
923
935
874
929
933
937
953
1020
922
976
923
921
939
905
872
928
984
972
915
1007
896
976
957
916
911
926
918
999
955
951
920
991
960
919
963
889
934
940
960
944
946
951
912
991
942
986
940
934
963
876
940
884
957
889
963
897
994
913
954
1000
934
848
910
947
952
978
925
980
883
944
993
951
901
862
893
948
905
974
919
945
961
936
930
940
925
980
922
906
876
956
979
889
984
952
979
967
969
920
926
976
953
894
937
919
937
910
894
969
956
1014
940
925
966
982
968
989
935
1030
956
969
967
933
976
927
938
933
962
982
959
1015
978
925
984
891
880
936
983
967
978
946
973
956
932
832
897
950
948
953
1011
868
894
940
943
1011
947
907
951
927
945
897
913
907
919
959
935
930
865
865
895
975
943
934
923
950
934
939
917
978
935
932
954
914
945
921
943
956
959
946
926
980
981
940
926
975
948
909
952
948
913
1013
986
952
954
985
966
916
941
891
884
957
977
911
969
954
977
901
992
944
973
892
918
949
965
904
950
906
925
883
897
934
923
926
947
1029
931
899
963
927
978
929
936
940
986
858
963
925
893
919
935
961
915
941
911
854
973
913
910
928
911
1004
963
935
911
875
989
952
1010
974
971
1010
937
931
951
1011
958
949
