968
941
991
918
877
935
938
997
990
940
941
883
911
917
929
918
936
991
922
956
917
940
899
865
904
936
990
917
950
961
891
967
938
932
944
896
979
966
952
936
946
937
936
978
896
1006
929
908
922
984
932
950
904
998
925
931
919
974
972
991
957
925
941
906
859
941
944
982
975
926
956
902
953
915
969
996
929
926
931
935
931
911
916
912
922
975
941
985
941
889
947
965
941
977
895
846
956
936
943
961
1006
1049
951
972
984
963
979
918
890
933
990
967
939
969
1001
878
969
987
892
996
928
990
964
923
993
1002
963
947
937
931
898
952
928
929
935
966
974
888
928
930
891
960
972
921
960
939
913
965
956
959
967
935
909
983
994
883
933
920
1002
906
900
972
967
933
932
957
1001
964
989
987
972
947
959
984
948
924
931
1012
953
910
941
1028
960
931
990
1016
979
924
975
918
927
937
926
929
967
913
958
975
959
928
913
950
878
928
862
926
959
962
900
952
879
961
967
929
910
960
905
995
948
988
970
945
947
881
943
963
964
934
928
925
926
885
886
924
832
919
990
953
927
975
962
947
984
937
952
990
979
1015
945
956
976
908
1005
920
1011
972
996
935
984
1016
990
946
960
990
917
1000
945
936
1031
1043
1022
1008
1013
1022
1013
1045
1040
985
1007
1055
1025
1008
1002
1049
1013
980
1062
1026
1053
1033
1036
1079
1050
1117
1113
1023
1010
1040
1038
1072
1041
993
1099
1035
1060
1068
1108
1190
1061
1135
1101
1130
1123
1164
1175
1084
1210
1168
1184
1076
1141
1222
1205
1212
1229
1244
1168
1198
1260
1164
1161
1309
1298
1251
1345
1363
1434
1358
1443
1344
1327
1343
1340
1314
1460
1338
1420
1467
1540
1514
1448
1494
1562
1612
1529
1516
1672
1648
1487
1596
1609
1615
1606
1689
1753
1791
1697
1800
1784
1803
1871
1805
1828
1971
1970
1880
1856
1839
2032
2010
2014
1927
2226
2075
2258
2237
2186
2140
2224
2218
2268
2224
2307
2364
2462
2422
2503
2424
2511
2428
2596
2482
2685
2646
2677
2629
2785
2704
2712
2718
2749
2752
2787
2692
2632
2904
2903
2748
2860
2894
3030
2831
2833
2905
2829
2736
2821
3022
3054
3036
2921
2977
3023
3079
2905
3032
2810
3035
3011
2966
2947
2898
3122
2981
2817
3013
2929
2936
2953
2918
2955
2991
3113
2966
2852
2882
3015
2867
2754
2861
2792
2704
2920
2599
2760
2731
2919
2819
2867
2859
2756
2863
2888
2863
2803
2751
2723
2713
2644
2769
2520
2684
2651
2631
2414
2581
2533
2496
2511
2509
2434
2333
2407
2424
2361
2302
2271
2296
2278
2276
2222
2235
2190
2183
2161
2295
2292
2140
2160
2115
2118
2086
2145
2060
1976
1903
1906
1839
1948
2017
1904
1825
1847
1885
1807
1848
1837
1846
1795
1706
1774
1859
1862
1748
1687
1600
1698
1594
1707
1845
1568
1692
1528
1641
1590
1582
1624
1577
1537
1524
1577
1487
1446
1401
1465
1459
1456
1449
1357
1474
1306
1336
1356
1459
1404
1393
1515
1303
1319
1398
1339
1234
1271
1249
1211
1215
1377
1253
1226
1324
1296
1250
1302
1177
1256
1200
1158
1145
1244
1255
1111
1137
1229
1226
1139
1103
1162
1194
1209
1175
1150
1167
1168
1056
1088
1104
1145
1123
1031
1054
988
1019
987
1046
1078
1090
1052
1120
1037
1031
979
1055
1032
1085
1012
1007
1035
1099
963
921
964
1001
994
945
1020
1020
1039
1119
953
1020
1011
1003
1019
1024
983
935
922
942
1009
958
1030
968
948
974
975
964
1008
1000
1031
896
910
982
953
963
1011
995
942
972
944
1009
977
968
888
935
942
927
906
1012
982
1018
900
1029
953
946
974
979
956
968
894
901
942
880
958
951
975
978
951
935
941
924
900
904
924
1023
939
948
899
942
916
954
987
866
984
910
943
905
1011
994
953
925
912
942
948
937
935
960
906
1019
879
895
929
963
934
913
906
956
975
997
936
1002
916
929
903
896
993
963
932
974
933
984
888
928
943
1011
921
954
986
994
967
914
984
957
924
998
899
952
871
917
948
952
940
907
940
887
918
902
948
946
948
924
963
889
982
1067
951
915
951
962
888
973
978
1034
988
960
988
975
984
899
933
880
998
947
928
931
897
973
930
954
928
907
904
990
932
868
948
1056
996
986
946
994
919
868
876
927
912
903
932
925
929
910
996
899
884
915
969
894
930
951
900
938
967
947
927
881
956
945
986
930
937
997
977
928
979
979
987
892
975
968
935
992
894
947
953
1005
1012
911
966
896
916
958
876
965
969
928
910
965
897
920
910
966
964
919
926
879
930
903
990
937
1010
948
899
1006
902
932
935
969
947
931
876
947
