999
918
967
966
959
994
908
884
933
1017
968
1001
944
941
953
955
1024
923
953
955
928
946
1015
900
953
913
937
932
943
881
914
926
985
909
962
924
974
992
956
967
940
940
942
972
935
924
967
970
961
973
1011
928
899
964
902
905
984
968
960
976
1014
962
907
943
936
935
917
964
926
963
935
938
944
988
896
932
985
979
969
953
970
960
979
936
923
947
1038
940
929
924
978
939
942
1010
956
982
881
979
918
946
937
944
1000
933
927
928
981
957
975
1002
928
960
898
901
938
947
971
881
895
981
951
958
985
973
867
982
903
945
965
935
993
978
962
935
1020
1059
943
944
977
937
910
928
958
975
910
964
957
872
966
935
964
920
889
958
971
931
923
989
955
908
991
935
979
943
1000
966
927
939
909
934
922
912
839
948
955
920
985
980
914
919
885
964
917
929
909
1007
929
916
932
951
937
872
1001
896
868
943
951
882
893
940
1004
929
988
980
995
903
938
927
896
934
903
863
918
930
988
919
1036
879
946
948
879
945
931
963
891
943
967
907
946
887
929
904
888
966
901
950
965
951
982
904
1004
989
870
909
902
924
933
937
993
954
973
942
864
1029
927
945
931
923
954
927
963
1011
930
984
927
979
968
962
924
956
1004
1004
971
932
964
949
943
989
924
964
978
1035
988
964
993
996
1020
901
1006
980
1005
977
1022
932
1025
955
1034
1037
964
1029
992
972
1056
1051
978
1030
990
955
1044
1036
1005
1067
1105
1094
1020
1083
1124
1127
1147
1063
1087
1146
1145
1062
1026
1128
1119
1101
1142
1074
1164
1170
1315
1244
1249
1278
1367
1331
1229
1219
1272
1318
1244
1253
1350
1320
1478
1258
1392
1293
1537
1447
1388
1416
1444
1453
1564
1399
1551
1559
1516
1654
1505
1541
1709
1668
1645
1792
1734
1760
1878
1804
1736
1796
1913
1900
1917
2111
2148
2062
2092
2149
2096
2207
2297
2296
2191
2265
2358
2442
2467
2246
2386
2465
2453
2460
2415
2568
2673
2631
2622
2432
2580
2741
2764
2781
2805
2695
2668
2726
2750
2926
2943
2823
3007
3006
2947
2983
3071
2947
2988
3159
2995
3292
3257
3168
3148
3016
3219
3148
3182
3208
3225
3325
3206
3269
3211
3369
3311
3374
3309
3308
3257
3363
3411
3337
3329
3353
3353
3322
3321
3418
3196
3092
3305
3181
3276
3357
3348
3107
3301
3235
3231
3315
3417
3406
3261
3379
3276
3178
3184
3168
3266
3060
3074
3024
3146
2951
3107
3100
3159
3032
3060
2832
2915
3002
2890
2995
2882
2857
2948
2970
2905
2726
2778
2770
2822
2677
2602
2780
2641
2735
2523
2574
2528
2771
2649
2548
2559
2255
2401
2350
2445
2416
2424
2491
2200
2335
2158
2081
2271
2216
2021
2099
2040
2095
1996
2009
2033
2074
2131
2060
1920
2040
1913
1867
1962
1743
1817
1932
1792
1711
1682
1793
1801
1764
1770
1750
1612
1710
1584
1651
1592
1478
1465
1438
1515
1528
1476
1550
1499
1470
1504
1556
1480
1378
1326
1513
1344
1265
1302
1315
1233
1280
1232
1231
1203
1217
1214
1265
1246
1237
1265
1196
1145
1223
1114
1174
1183
1339
1175
1224
1196
1104
1140
1202
1098
1125
1168
1119
1097
1110
1134
1150
1065
1108
1076
1090
1094
1108
1051
1008
1059
1053
1046
1037
943
1081
1020
1038
1035
994
1010
1014
949
1017
999
981
1013
977
993
1029
984
1093
944
943
1010
987
1016
928
963
1003
972
957
999
991
970
1030
943
987
1040
958
948
1000
942
962
1035
974
937
1012
897
954
992
983
945
923
967
943
955
908
923
916
951
935
889
948
956
985
957
932
894
1014
900
959
924
966
961
988
909
992
1020
917
894
910
908
949
925
950
916
891
920
890
931
948
976
897
848
983
958
1001
985
919
917
917
948
944
904
943
907
936
961
945
966
894
940
929
952
923
948
964
870
945
920
959
983
991
930
927
919
870
945
970
921
912
959
908
953
930
957
910
944
938
920
940
909
921
1006
965
928
976
1001
902
904
921
894
992
911
909
841
932
932
951
930
918
942
974
934
923
931
1020
867
969
999
937
948
946
915
980
924
950
960
902
921
993
955
928
899
980
884
1004
948
974
921
964
930
998
924
937
997
936
960
935
884
1023
935
895
908
960
946
980
947
937
903
903
945
955
994
936
922
920
923
934
947
958
918
961
939
917
916
951
995
892
982
894
909
873
837
920
969
933
939
888
951
939
911
913
889
921
908
900
957
979
935
923
918
947
926
948
883
931
893
1003
965
880
948
890
990
927
959
911
962
953
991
966
883
936
920
900
985
913
931
926
929
873
940
1045
911
945
1008
904
